source,target,value
0,340,1
0,510,1
0,410,1
0,281,1
0,215,1
0,386,1
0,254,1
1,410,1
1,378,1
1,6,1
1,187,1
463,70,1
463,264,1
463,294,1
463,481,1
500,128,1
500,450,1
500,296,1
500,373,1
500,144,1
500,44,1
500,115,1
500,393,1
500,386,1
500,478,1
500,374,1
500,282,1
500,156,1
501,450,1
501,240,1
501,40,1
501,393,1
501,369,1
501,43,1
501,200,1
501,326,1
501,282,1
501,134,1
501,355,1
501,404,1
501,24,1
501,71,1
501,183,1
501,44,1
501,508,1
501,303,1
501,89,1
501,526,1
501,492,1
501,434,1
501,510,1
501,341,1
501,500,1
501,297,1
501,344,1
501,439,1
501,56,1
501,107,1
501,233,1
501,214,1
501,59,1
501,52,1
501,325,1
501,480,1
501,47,1
501,324,1
501,188,1
501,112,1
501,509,1
501,290,1
501,65,1
501,140,1
501,18,1
501,69,1
501,313,1
501,412,1
501,80,1
463,98,1
463,155,1
463,389,1
463,79,1
463,23,1
463,323,1
463,307,1
463,20,1
463,407,1
463,263,1
476,173,1
476,224,1
476,118,1
476,403,1
476,440,1
476,408,1
476,152,1
476,177,1
477,103,1
477,143,1
477,266,1
477,113,1
477,454,1
477,467,1
477,475,1
477,163,1
492,514,1
492,524,1
492,87,1
492,344,1
492,32,1
492,101,1
492,341,1
492,509,1
492,213,1
492,188,1
492,115,1
492,501,1
492,24,1
1,435,1
1,248,1
1,24,1
1,464,1
1,176,1
1,419,1
1,25,1
2,362,1
2,7,1
2,419,1
2,456,1
3,295,1
3,23,1
3,322,1
3,405,1
3,365,1
3,208,1
4,508,1
4,174,1
4,440,1
4,232,1
4,123,1
4,73,1
4,251,1
4,419,1
4,208,1
4,300,1
4,247,1
4,402,1
4,342,1
4,244,1
4,424,1
4,493,1
4,187,1
5,463,1
5,301,1
5,417,1
5,269,1
5,186,1
5,263,1
5,93,1
5,333,1
5,454,1
5,307,1
5,397,1
5,70,1
5,379,1
5,81,1
5,350,1
5,316,1
5,23,1
5,63,1
6,313,1
6,502,1
6,341,1
6,213,1
6,450,1
6,126,1
6,115,1
6,1,1
6,76,1
6,512,1
6,501,1
6,412,1
6,500,1
6,386,1
6,378,1
6,364,1
391,123,1
391,12,1
391,281,1
391,300,1
391,351,1
391,85,1
391,365,1
391,419,1
391,428,1
391,301,1
391,349,1
391,27,1
391,78,1
391,176,1
391,131,1
391,138,1
391,303,1
391,166,1
391,54,1
391,244,1
391,31,1
391,331,1
391,235,1
391,382,1
391,192,1
391,144,1
391,80,1
391,25,1
396,241,1
397,216,1
397,307,1
397,407,1
397,98,1
397,316,1
397,323,1
397,368,1
397,333,1
397,5,1
397,155,1
397,263,1
397,264,1
397,399,1
397,198,1
397,103,1
397,379,1
397,481,1
397,417,1
397,294,1
397,241,1
397,206,1
397,285,1
397,463,1
397,301,1
397,81,1
407,81,1
407,350,1
407,323,1
407,198,1
407,263,1
407,441,1
407,70,1
407,379,1
407,294,1
407,93,1
407,155,1
407,316,1
500,55,1
500,227,1
500,375,1
500,9,1
500,10,1
500,265,1
500,58,1
500,488,1
500,327,1
500,6,1
500,210,1
500,306,1
500,256,1
500,28,1
500,341,1
500,42,1
500,21,1
500,501,1
500,258,1
500,13,1
500,43,1
500,468,1
500,218,1
500,32,1
500,252,1
500,365,1
500,510,1
500,52,1
500,33,1
500,289,1
500,334,1
500,47,1
500,401,1
500,457,1
500,207,1
500,183,1
500,318,1
500,302,1
445,206,1
445,12,1
445,183,1
445,146,1
445,82,1
445,409,1
445,338,1
445,377,1
445,184,1
445,435,1
445,223,1
447,110,1
447,242,1
447,271,1
447,440,1
447,259,1
447,125,1
447,309,1
447,12,1
447,72,1
447,48,1
447,223,1
447,197,1
447,41,1
447,49,1
447,473,1
447,173,1
447,230,1
447,415,1
447,277,1
447,398,1
447,121,1
447,149,1
447,422,1
447,395,1
447,148,1
447,371,1
447,359,1
447,413,1
447,432,1
447,301,1
447,181,1
447,353,1
447,409,1
456,49,1
456,213,1
456,286,1
456,40,1
456,319,1
456,508,1
456,192,1
456,54,1
456,188,1
456,187,1
456,300,1
456,284,1
456,365,1
456,201,1
456,46,1
456,308,1
456,23,1
456,446,1
456,25,1
456,183,1
456,57,1
456,312,1
456,59,1
456,331,1
456,301,1
456,295,1
456,453,1
456,235,1
456,501,1
456,429,1
456,248,1
456,96,1
456,250,1
456,382,1
456,310,1
456,31,1
456,341,1
456,166,1
456,144,1
456,340,1
456,303,1
456,495,1
456,348,1
456,253,1
456,2,1
456,460,1
456,275,1
456,412,1
456,437,1
456,240,1
456,176,1
456,131,1
456,322,1
456,428,1
463,454,1
463,417,1
463,368,1
463,333,1
463,350,1
463,358,1
407,23,1
407,301,1
407,307,1
407,103,1
407,463,1
407,417,1
407,397,1
407,98,1
407,333,1
407,63,1
407,421,1
407,206,1
407,216,1
412,402,1
412,439,1
412,480,1
412,386,1
412,14,1
412,109,1
412,325,1
412,215,1
412,107,1
412,254,1
412,462,1
412,47,1
412,18,1
412,281,1
412,418,1
412,85,1
412,220,1
412,24,1
412,295,1
412,365,1
412,80,1
412,213,1
412,57,1
412,348,1
412,378,1
412,120,1
412,380,1
412,253,1
412,500,1
412,501,1
412,168,1
412,52,1
412,200,1
412,233,1
412,504,1
412,201,1
412,131,1
412,68,1
412,331,1
412,526,1
412,240,1
412,260,1
412,510,1
412,461,1
412,502,1
412,416,1
412,310,1
412,82,1
412,221,1
412,71,1
412,249,1
412,315,1
412,495,1
412,22,1
412,492,1
412,400,1
412,344,1
412,127,1
412,404,1
412,56,1
412,6,1
412,59,1
412,364,1
412,508,1
412,341,1
412,403,1
412,96,1
412,448,1
412,303,1
412,456,1
412,405,1
412,334,1
412,183,1
412,184,1
412,319,1
412,101,1
412,503,1
412,450,1
418,214,1
418,412,1
418,141,1
418,184,1
418,295,1
418,57,1
418,85,1
418,495,1
418,201,1
418,83,1
418,248,1
418,254,1
418,301,1
418,325,1
418,508,1
418,173,1
418,501,1
418,445,1
418,324,1
418,23,1
418,403,1
418,47,1
418,416,1
418,310,1
418,435,1
418,404,1
418,221,1
418,59,1
418,331,1
418,27,1
418,437,1
418,185,1
418,253,1
418,426,1
445,320,1
445,346,1
445,268,1
445,24,1
445,83,1
445,418,1
445,185,1
445,253,1
463,95,1
463,379,1
463,397,1
463,269,1
463,198,1
463,5,1
463,193,1
463,301,1
463,399,1
463,216,1
463,51,1
463,93,1
463,81,1
463,35,1
463,63,1
463,206,1
463,316,1
492,253,1
492,401,1
492,412,1
492,495,1
492,42,1
492,508,1
492,154,1
492,112,1
492,450,1
492,274,1
492,489,1
492,96,1
492,479,1
492,52,1
500,191,1
501,213,1
501,101,1
501,273,1
501,502,1
501,464,1
501,315,1
501,78,1
501,495,1
501,405,1
501,108,1
501,82,1
501,220,1
501,386,1
501,218,1
501,426,1
501,418,1
501,331,1
501,248,1
501,85,1
501,489,1
512,521,1
512,464,1
512,378,1
512,405,1
512,8,1
512,460,1
512,324,1
512,141,1
512,78,1
512,6,1
512,49,1
512,173,1
513,433,1
513,50,1
513,27,1
513,359,1
513,49,1
513,157,1
513,16,1
513,121,1
513,246,1
513,354,1
513,314,1
513,77,1
513,352,1
513,135,1
513,189,1
513,473,1
513,271,1
513,38,1
513,72,1
513,330,1
513,29,1
513,96,1
513,222,1
513,261,1
513,484,1
513,153,1
513,67,1
513,62,1
513,64,1
513,490,1
513,466,1
513,181,1
513,162,1
513,111,1
513,470,1
513,280,1
513,337,1
520,97,1
7,338,1
7,146,1
7,416,1
7,168,1
7,2,1
7,460,1
7,244,1
7,235,1
7,428,1
7,435,1
7,274,1
8,512,1
8,455,1
8,460,1
8,324,1
8,78,1
9,190,1
9,156,1
13,92,1
13,510,1
13,23,1
13,210,1
13,144,1
13,33,1
13,254,1
13,128,1
13,505,1
13,124,1
13,156,1
13,47,1
13,74,1
13,256,1
13,313,1
13,213,1
13,386,1
13,15,1
13,363,1
13,341,1
13,465,1
13,478,1
14,23,1
14,365,1
14,508,1
14,141,1
14,412,1
14,310,1
14,215,1
14,315,1
14,502,1
14,295,1
14,254,1
14,366,1
15,373,1
15,375,1
12,242,1
12,168,1
12,232,1
12,343,1
12,131,1
12,240,1
12,49,1
12,138,1
12,144,1
12,439,1
12,464,1
12,176,1
12,184,1
12,27,1
12,445,1
12,429,1
9,147,1
10,334,1
10,289,1
10,296,1
10,327,1
10,272,1
10,313,1
10,457,1
10,47,1
10,302,1
10,480,1
10,273,1
10,374,1
10,126,1
10,393,1
10,500,1
10,43,1
10,210,1
10,107,1
10,52,1
10,219,1
10,207,1
10,255,1
10,450,1
10,44,1
10,390,1
10,256,1
10,156,1
9,33,1
9,28,1
9,306,1
9,170,1
9,32,1
9,106,1
9,465,1
9,104,1
9,375,1
9,213,1
9,373,1
9,505,1
9,36,1
9,296,1
9,237,1
9,500,1
9,524,1
9,42,1
9,508,1
9,86,1
9,74,1
9,345,1
9,257,1
9,245,1
9,444,1
12,447,1
12,528,1
12,353,1
12,391,1
13,44,1
13,524,1
13,411,1
13,205,1
13,42,1
13,245,1
13,296,1
13,500,1
13,28,1
13,252,1
13,374,1
13,272,1
13,345,1
13,219,1
13,488,1
13,32,1
13,150,1
13,450,1
15,317,1
15,36,1
15,450,1
15,411,1
15,115,1
15,505,1
15,334,1
15,245,1
15,508,1
15,147,1
15,401,1
15,42,1
15,482,1
12,410,1
12,208,1
12,235,1
12,123,1
12,80,1
12,300,1
12,403,1
12,127,1
12,25,1
12,126,1
12,83,1
12,221,1
12,498,1
12,435,1
12,472,1
12,274,1
12,309,1
12,419,1
12,349,1
12,416,1
12,270,1
12,386,1
15,363,1
15,124,1
15,258,1
32,101,1
32,13,1
32,106,1
32,265,1
32,213,1
32,479,1
32,313,1
32,345,1
32,306,1
32,144,1
33,32,1
33,147,1
33,510,1
33,318,1
33,9,1
33,345,1
33,265,1
33,47,1
33,86,1
33,317,1
33,373,1
33,505,1
33,292,1
33,124,1
33,15,1
33,363,1
33,500,1
33,411,1
33,245,1
33,42,1
33,213,1
33,480,1
33,150,1
33,36,1
33,106,1
33,375,1
33,13,1
33,478,1
33,465,1
33,219,1
33,28,1
33,519,1
33,374,1
33,306,1
33,334,1
33,55,1
33,156,1
33,341,1
29,16,1
29,246,1
29,121,1
29,517,1
29,525,1
29,135,1
29,466,1
29,470,1
29,314,1
29,516,1
29,337,1
29,280,1
29,433,1
29,38,1
29,513,1
29,189,1
30,176,1
30,132,1
30,235,1
30,169,1
30,232,1
30,381,1
30,435,1
18,334,1
18,510,1
18,233,1
18,220,1
18,503,1
18,256,1
18,341,1
18,112,1
18,450,1
18,344,1
18,71,1
18,400,1
18,188,1
18,240,1
18,166,1
18,107,1
18,315,1
18,80,1
18,144,1
18,254,1
18,439,1
18,253,1
19,203,1
19,404,1
19,508,1
19,325,1
19,26,1
19,215,1
19,380,1
19,504,1
19,431,1
19,254,1
19,57,1
19,292,1
19,253,1
19,141,1
19,59,1
19,310,1
20,169,1
20,389,1
20,221,1
20,368,1
20,333,1
20,463,1
20,419,1
20,316,1
20,76,1
20,63,1
20,312,1
20,187,1
20,263,1
20,416,1
20,259,1
20,173,1
20,379,1
20,131,1
20,307,1
20,410,1
20,138,1
20,355,1
20,197,1
20,51,1
21,344,1
21,400,1
21,52,1
21,272,1
15,341,1
15,393,1
15,74,1
15,33,1
15,211,1
15,114,1
15,55,1
15,465,1
15,13,1
16,352,1
16,470,1
16,337,1
16,111,1
16,513,1
16,29,1
16,153,1
16,195,1
16,280,1
16,354,1
16,135,1
16,157,1
16,189,1
16,121,1
17,293,1
17,496,1
18,412,1
18,272,1
18,44,1
18,213,1
18,85,1
18,297,1
18,501,1
21,43,1
21,461,1
21,126,1
21,107,1
21,220,1
21,386,1
21,249,1
21,240,1
21,500,1
21,256,1
21,348,1
21,302,1
21,40,1
21,24,1
21,213,1
21,260,1
22,501,1
22,495,1
22,213,1
22,214,1
22,301,1
22,489,1
22,96,1
22,403,1
22,56,1
22,101,1
22,412,1
22,348,1
22,23,1
22,508,1
22,319,1
22,253,1
22,218,1
23,13,1
23,319,1
23,495,1
23,368,1
23,405,1
23,127,1
23,307,1
23,96,1
23,26,1
23,500,1
23,214,1
23,3,1
23,329,1
23,140,1
23,213,1
23,109,1
23,505,1
23,282,1
23,141,1
23,333,1
23,104,1
23,245,1
23,369,1
23,198,1
23,36,1
23,207,1
23,57,1
23,249,1
23,269,1
23,52,1
23,379,1
23,250,1
23,186,1
23,204,1
23,5,1
23,188,1
23,450,1
23,502,1
23,373,1
23,366,1
23,497,1
23,406,1
23,327,1
23,295,1
23,76,1
23,59,1
23,382,1
23,78,1
23,306,1
23,206,1
23,316,1
23,365,1
23,407,1
23,150,1
23,191,1
23,163,1
23,348,1
23,418,1
23,302,1
23,14,1
23,33,1
23,63,1
23,107,1
23,393,1
23,219,1
23,478,1
23,334,1
23,281,1
23,480,1
23,258,1
23,322,1
23,292,1
23,524,1
23,350,1
23,151,1
23,504,1
23,448,1
23,218,1
23,114,1
23,323,1
23,273,1
23,457,1
23,263,1
23,24,1
23,315,1
23,344,1
23,510,1
23,454,1
23,441,1
23,170,1
23,296,1
23,294,1
23,501,1
23,112,1
23,55,1
23,58,1
23,310,1
23,93,1
23,25,1
23,489,1
23,254,1
23,106,1
23,386,1
23,155,1
23,404,1
23,301,1
23,465,1
23,70,1
23,210,1
23,253,1
23,426,1
23,47,1
23,488,1
23,463,1
23,156,1
23,453,1
23,22,1
23,341,1
23,216,1
23,256,1
23,101,1
23,390,1
23,456,1
23,331,1
24,480,1
24,292,1
24,431,1
24,40,1
24,233,1
24,213,1
24,331,1
24,144,1
24,141,1
24,406,1
24,412,1
24,365,1
24,101,1
24,380,1
24,249,1
24,419,1
24,504,1
24,25,1
24,159,1
24,80,1
24,295,1
24,53,1
24,448,1
24,21,1
24,340,1
24,215,1
24,109,1
24,325,1
24,501,1
24,465,1
24,334,1
24,510,1
24,495,1
24,254,1
24,201,1
24,185,1
24,502,1
24,47,1
24,240,1
30,25,1
30,419,1
30,24,1
31,495,1
31,365,1
31,25,1
31,192,1
31,201,1
31,456,1
31,46,1
31,391,1
31,301,1
32,390,1
32,401,1
32,450,1
32,75,1
32,488,1
32,33,1
32,86,1
32,254,1
32,219,1
32,505,1
32,489,1
32,341,1
32,207,1
32,369,1
25,355,1
25,57,1
26,57,1
26,325,1
26,19,1
26,310,1
26,404,1
26,480,1
26,24,1
26,281,1
26,344,1
26,301,1
26,295,1
26,141,1
26,59,1
26,292,1
26,315,1
26,23,1
26,215,1
26,254,1
26,340,1
27,437,1
27,528,1
27,232,1
27,65,1
27,49,1
27,315,1
27,12,1
27,331,1
27,56,1
27,131,1
27,414,1
27,418,1
27,299,1
27,521,1
27,391,1
27,46,1
27,275,1
24,378,1
24,26,1
24,404,1
24,301,1
24,322,1
24,341,1
24,445,1
24,386,1
24,326,1
24,183,1
24,59,1
24,96,1
24,400,1
24,30,1
24,403,1
24,203,1
24,57,1
24,127,1
24,492,1
24,450,1
24,71,1
24,310,1
24,508,1
24,151,1
24,107,1
24,250,1
24,1,1
24,286,1
24,256,1
24,23,1
25,192,1
25,382,1
25,200,1
25,331,1
25,303,1
25,435,1
25,201,1
25,221,1
25,321,1
25,56,1
25,78,1
25,27,1
25,249,1
25,46,1
25,281,1
25,405,1
25,123,1
25,176,1
25,290,1
25,428,1
25,429,1
25,132,1
25,495,1
25,23,1
25,121,1
25,208,1
25,395,1
25,89,1
25,54,1
25,365,1
25,31,1
25,1,1
25,338,1
25,12,1
25,24,1
25,456,1
25,455,1
25,420,1
25,131,1
25,244,1
25,312,1
25,30,1
25,419,1
25,80,1
25,391,1
25,49,1
27,85,1
27,123,1
27,25,1
27,200,1
27,472,1
27,513,1
32,289,1
32,334,1
32,87,1
32,245,1
32,92,1
32,156,1
32,9,1
32,170,1
32,457,1
32,128,1
32,510,1
32,374,1
32,194,1
32,363,1
32,124,1
32,296,1
32,524,1
32,500,1
32,28,1
32,210,1
32,91,1
32,302,1
32,205,1
32,492,1
33,296,1
33,23,1
33,257,1
33,258,1
33,256,1
33,170,1
34,164,1
34,358,1
34,356,1
34,186,1
35,463,1
35,307,1
35,155,1
35,98,1
35,81,1
35,323,1
35,301,1
35,70,1
35,263,1
36,334,1
36,482,1
36,500,1
36,150,1
36,23,1
28,170,1
28,32,1
28,74,1
28,147,1
28,106,1
28,237,1
28,257,1
28,478,1
28,374,1
28,86,1
28,450,1
28,500,1
28,488,1
28,306,1
28,55,1
28,211,1
28,13,1
28,390,1
28,465,1
28,36,1
28,75,1
28,104,1
28,191,1
28,9,1
28,296,1
28,524,1
28,245,1
28,375,1
28,345,1
28,42,1
28,401,1
28,508,1
28,91,1
28,33,1
28,156,1
28,205,1
28,505,1
28,258,1
28,150,1
29,195,1
29,157,1
29,100,1
36,47,1
36,313,1
36,265,1
36,237,1
36,341,1
36,317,1
36,33,1
36,519,1
36,296,1
36,55,1
36,114,1
36,373,1
36,478,1
36,450,1
36,86,1
36,258,1
36,508,1
36,393,1
36,170,1
36,15,1
36,245,1
36,375,1
36,345,1
36,465,1
36,28,1
36,254,1
36,9,1
36,505,1
49,521,1
50,195,1
50,172,1
50,352,1
50,121,1
50,470,1
50,466,1
50,433,1
50,67,1
50,153,1
50,337,1
49,230,1
49,447,1
49,181,1
49,72,1
49,169,1
49,56,1
49,349,1
38,135,1
38,525,1
38,121,1
38,507,1
38,29,1
38,433,1
38,352,1
38,157,1
38,490,1
38,354,1
38,67,1
38,484,1
38,513,1
38,470,1
38,280,1
38,111,1
38,314,1
38,246,1
39,95,1
39,475,1
40,201,1
40,144,1
40,47,1
40,112,1
40,183,1
40,501,1
40,141,1
40,359,1
40,286,1
40,125,1
40,508,1
40,400,1
40,151,1
36,147,1
36,42,1
36,479,1
40,43,1
40,315,1
40,292,1
40,107,1
40,213,1
40,126,1
40,256,1
40,297,1
40,24,1
40,272,1
40,428,1
40,89,1
40,526,1
40,456,1
40,386,1
40,166,1
40,344,1
40,21,1
40,325,1
41,435,1
41,49,1
41,181,1
41,100,1
41,184,1
41,447,1
41,415,1
41,413,1
41,398,1
42,345,1
42,101,1
42,482,1
42,13,1
42,505,1
42,55,1
42,325,1
42,33,1
42,465,1
42,500,1
42,375,1
42,15,1
42,265,1
49,456,1
49,271,1
49,355,1
49,359,1
49,221,1
49,25,1
49,12,1
49,486,1
49,149,1
49,121,1
49,232,1
49,437,1
49,259,1
49,419,1
49,46,1
49,235,1
49,414,1
49,176,1
49,528,1
43,450,1
43,256,1
43,249,1
43,213,1
43,313,1
43,501,1
43,406,1
43,431,1
43,457,1
43,281,1
43,497,1
43,331,1
43,107,1
43,386,1
44,52,1
44,265,1
44,341,1
44,144,1
44,519,1
44,457,1
44,334,1
44,426,1
44,302,1
44,255,1
44,500,1
44,13,1
44,327,1
44,18,1
44,219,1
44,47,1
44,256,1
44,501,1
44,345,1
44,126,1
44,210,1
44,156,1
44,510,1
44,386,1
44,393,1
44,107,1
44,450,1
44,480,1
44,272,1
44,10,1
45,314,1
45,77,1
45,111,1
45,67,1
45,336,1
45,100,1
45,516,1
45,466,1
45,354,1
45,135,1
45,236,1
45,246,1
45,189,1
45,470,1
42,114,1
42,211,1
42,317,1
42,74,1
42,478,1
42,313,1
42,86,1
42,245,1
42,124,1
42,404,1
42,315,1
42,390,1
42,147,1
42,213,1
42,36,1
42,341,1
42,450,1
42,334,1
42,393,1
42,190,1
42,9,1
42,411,1
42,28,1
42,492,1
42,373,1
42,363,1
42,106,1
42,59,1
42,306,1
42,258,1
42,104,1
42,257,1
42,508,1
43,500,1
43,341,1
43,365,1
43,292,1
43,47,1
43,52,1
43,53,1
43,344,1
43,240,1
43,10,1
43,219,1
43,151,1
43,21,1
43,272,1
43,40,1
43,400,1
43,302,1
43,126,1
45,50,1
46,200,1
46,456,1
46,169,1
46,365,1
46,31,1
46,201,1
49,185,1
49,435,1
49,513,1
49,405,1
49,200,1
49,27,1
50,280,1
50,45,1
50,135,1
50,513,1
50,157,1
50,336,1
50,354,1
51,307,1
51,119,1
51,316,1
51,221,1
51,410,1
51,76,1
51,463,1
46,25,1
46,49,1
46,27,1
46,437,1
46,192,1
46,56,1
46,223,1
46,428,1
46,391,1
46,243,1
46,495,1
47,427,1
47,170,1
47,75,1
47,23,1
47,373,1
47,418,1
47,255,1
47,505,1
47,213,1
47,301,1
47,400,1
47,345,1
47,215,1
47,245,1
47,488,1
47,295,1
47,59,1
47,44,1
47,205,1
47,326,1
47,24,1
47,290,1
47,318,1
47,450,1
47,107,1
47,310,1
47,40,1
47,386,1
47,13,1
47,479,1
47,33,1
47,296,1
47,36,1
47,495,1
47,403,1
47,439,1
47,297,1
47,127,1
47,302,1
47,390,1
47,10,1
47,57,1
47,43,1
47,249,1
47,457,1
47,306,1
47,219,1
47,254,1
47,401,1
47,412,1
47,500,1
47,369,1
47,147,1
47,465,1
47,112,1
47,265,1
47,156,1
47,504,1
47,501,1
47,106,1
47,240,1
47,183,1
47,272,1
47,510,1
47,203,1
47,365,1
47,334,1
47,331,1
47,126,1
47,503,1
47,341,1
48,152,1
48,49,1
48,168,1
48,277,1
48,230,1
48,447,1
48,371,1
48,398,1
48,161,1
48,309,1
48,415,1
48,149,1
48,428,1
49,187,1
49,473,1
49,48,1
49,41,1
49,131,1
49,231,1
49,385,1
49,512,1
49,413,1
51,333,1
51,389,1
51,131,1
51,263,1
51,20,1
52,412,1
52,213,1
52,303,1
52,526,1
52,480,1
52,233,1
52,450,1
52,510,1
52,21,1
52,249,1
52,44,1
52,331,1
52,497,1
52,151,1
52,292,1
52,365,1
52,183,1
52,382,1
52,214,1
52,23,1
52,253,1
52,439,1
52,191,1
52,144,1
52,301,1
52,127,1
52,341,1
52,495,1
52,96,1
52,256,1
52,390,1
52,295,1
52,348,1
52,501,1
52,500,1
52,126,1
52,322,1
52,489,1
52,508,1
52,43,1
52,272,1
52,10,1
52,57,1
52,492,1
52,101,1
52,250,1
52,240,1
52,80,1
52,286,1
52,400,1
52,313,1
52,386,1
53,126,1
53,59,1
53,386,1
53,240,1
53,24,1
53,253,1
53,453,1
53,43,1
53,340,1
112,348,1
114,341,1
114,317,1
114,373,1
114,211,1
114,479,1
114,375,1
114,15,1
114,482,1
114,393,1
114,147,1
114,36,1
114,23,1
114,74,1
114,42,1
114,257,1
114,258,1
114,450,1
114,334,1
114,55,1
117,281,1
117,254,1
117,215,1
117,502,1
121,314,1
121,466,1
121,181,1
121,513,1
121,330,1
121,62,1
121,16,1
121,222,1
121,447,1
121,507,1
121,25,1
121,354,1
121,516,1
121,280,1
121,29,1
121,49,1
121,484,1
121,153,1
121,381,1
121,38,1
122,312,1
122,440,1
122,221,1
122,473,1
101,32,1
101,23,1
101,369,1
101,364,1
101,489,1
101,22,1
101,213,1
101,24,1
101,495,1
101,96,1
101,341,1
101,52,1
101,401,1
101,154,1
101,87,1
101,378,1
101,151,1
101,375,1
56,49,1
56,96,1
56,414,1
56,46,1
56,405,1
56,200,1
56,501,1
56,173,1
56,176,1
56,437,1
56,25,1
56,455,1
56,412,1
56,60,1
56,523,1
56,22,1
56,213,1
56,182,1
56,319,1
56,181,1
56,312,1
56,253,1
56,107,1
56,422,1
56,521,1
57,495,1
57,52,1
57,456,1
57,405,1
57,295,1
57,502,1
57,151,1
57,66,1
57,329,1
57,19,1
57,315,1
57,256,1
57,349,1
57,250,1
57,319,1
57,404,1
57,292,1
57,188,1
57,59,1
57,503,1
57,47,1
57,508,1
57,401,1
57,26,1
57,459,1
57,254,1
57,144,1
57,312,1
57,453,1
57,344,1
57,109,1
57,208,1
57,341,1
57,249,1
57,325,1
57,510,1
57,303,1
57,382,1
57,213,1
57,423,1
57,301,1
57,107,1
57,25,1
57,366,1
57,203,1
57,201,1
57,112,1
57,127,1
57,215,1
57,290,1
57,331,1
57,418,1
57,450,1
57,412,1
57,141,1
57,448,1
57,24,1
57,53,1
57,23,1
57,365,1
57,340,1
57,183,1
57,431,1
57,348,1
57,501,1
57,310,1
58,500,1
58,301,1
58,327,1
58,23,1
59,453,1
59,24,1
59,214,1
59,325,1
59,382,1
59,112,1
59,141,1
59,319,1
59,366,1
59,144,1
59,47,1
59,201,1
59,151,1
59,42,1
59,23,1
59,107,1
59,406,1
59,190,1
59,502,1
59,127,1
59,188,1
59,315,1
53,215,1
53,325,1
53,166,1
53,431,1
53,250,1
53,109,1
53,292,1
53,151,1
53,406,1
53,341,1
53,57,1
53,510,1
54,391,1
54,25,1
54,365,1
54,495,1
54,456,1
55,86,1
55,334,1
55,505,1
55,42,1
55,411,1
55,479,1
55,257,1
55,114,1
55,317,1
55,482,1
55,23,1
55,373,1
55,315,1
55,36,1
55,465,1
55,341,1
55,375,1
55,33,1
55,258,1
55,15,1
55,147,1
55,28,1
55,265,1
55,500,1
55,450,1
55,478,1
55,74,1
55,245,1
56,218,1
56,403,1
56,240,1
56,131,1
56,404,1
56,27,1
56,119,1
59,329,1
59,348,1
59,423,1
59,504,1
59,215,1
59,390,1
59,301,1
59,203,1
59,254,1
59,464,1
59,430,1
59,365,1
59,26,1
59,340,1
59,403,1
59,331,1
59,418,1
59,461,1
59,57,1
59,166,1
59,310,1
59,431,1
59,292,1
59,250,1
59,405,1
59,332,1
59,450,1
59,253,1
59,495,1
59,19,1
59,412,1
59,344,1
59,104,1
59,501,1
59,508,1
59,295,1
59,53,1
59,256,1
59,109,1
59,456,1
60,498,1
60,100,1
60,56,1
60,121,1
60,473,1
60,222,1
60,511,1
60,422,1
63,301,1
63,23,1
63,379,1
63,333,1
63,463,1
63,20,1
63,5,1
63,264,1
63,407,1
63,368,1
63,350,1
63,307,1
63,76,1
63,263,1
63,198,1
63,316,1
63,93,1
63,323,1
63,417,1
63,216,1
63,70,1
73,508,1
73,174,1
73,123,1
73,251,1
73,522,1
73,187,1
73,4,1
73,493,1
73,244,1
78,23,1
78,428,1
78,217,1
78,188,1
78,362,1
78,8,1
78,391,1
78,298,1
78,270,1
78,460,1
78,96,1
78,242,1
78,512,1
78,328,1
78,324,1
78,365,1
78,280,1
78,25,1
78,501,1
81,35,1
81,417,1
81,397,1
81,216,1
81,5,1
81,463,1
81,481,1
81,323,1
81,407,1
81,301,1
81,333,1
81,70,1
81,198,1
81,307,1
81,316,1
101,501,1
101,492,1
101,412,1
108,243,1
108,301,1
108,437,1
96,218,1
96,23,1
96,71,1
96,62,1
96,500,1
96,324,1
97,520,1
97,370,1
98,294,1
98,93,1
98,206,1
98,216,1
98,407,1
98,263,1
98,397,1
98,368,1
98,323,1
98,350,1
98,35,1
98,463,1
98,307,1
98,333,1
81,421,1
81,350,1
81,263,1
81,155,1
81,294,1
81,93,1
81,269,1
81,379,1
81,206,1
81,264,1
82,242,1
82,501,1
82,301,1
82,398,1
82,235,1
82,184,1
82,412,1
82,445,1
82,185,1
82,360,1
83,418,1
83,435,1
83,12,1
83,324,1
83,528,1
83,445,1
83,223,1
83,300,1
90,173,1
90,432,1
90,131,1
90,271,1
90,312,1
93,379,1
93,316,1
93,333,1
93,399,1
93,269,1
93,307,1
93,368,1
93,155,1
93,323,1
93,63,1
93,98,1
93,263,1
93,350,1
93,198,1
93,23,1
93,81,1
93,481,1
93,417,1
93,294,1
93,70,1
93,5,1
93,216,1
93,463,1
93,454,1
93,301,1
93,407,1
96,214,1
96,460,1
96,260,1
96,225,1
96,456,1
96,461,1
96,303,1
96,154,1
96,89,1
96,301,1
96,513,1
96,401,1
96,450,1
96,492,1
96,65,1
96,85,1
96,253,1
96,412,1
96,115,1
96,80,1
96,24,1
96,213,1
96,212,1
96,489,1
96,207,1
96,315,1
96,331,1
96,22,1
96,52,1
96,270,1
96,495,1
96,501,1
96,200,1
96,334,1
96,69,1
96,297,1
96,56,1
96,78,1
96,183,1
96,426,1
96,233,1
96,101,1
99,487,1
99,308,1
108,501,1
108,514,1
110,432,1
110,338,1
110,181,1
110,353,1
110,159,1
110,398,1
110,221,1
110,447,1
110,161,1
111,157,1
111,38,1
111,121,1
111,484,1
111,314,1
111,352,1
111,246,1
111,513,1
111,16,1
111,470,1
111,354,1
111,100,1
111,516,1
111,189,1
111,67,1
111,45,1
111,433,1
111,466,1
111,153,1
111,236,1
112,502,1
112,508,1
112,47,1
112,500,1
112,80,1
112,319,1
112,253,1
112,57,1
112,59,1
112,166,1
112,404,1
112,341,1
112,332,1
112,126,1
112,400,1
112,492,1
112,450,1
112,273,1
112,480,1
112,301,1
112,188,1
112,71,1
112,233,1
112,325,1
112,40,1
112,107,1
112,141,1
112,501,1
112,401,1
112,272,1
112,378,1
112,23,1
112,213,1
112,331,1
112,18,1
112,89,1
112,256,1
112,364,1
122,271,1
122,523,1
122,462,1
99,420,1
99,142,1
99,495,1
99,392,1
101,115,1
101,292,1
101,514,1
101,344,1
101,450,1
101,191,1
101,509,1
101,42,1
101,315,1
101,249,1
123,12,1
123,27,1
123,4,1
123,73,1
123,312,1
123,432,1
123,301,1
123,349,1
123,208,1
123,419,1
123,251,1
123,159,1
123,493,1
123,80,1
123,428,1
123,355,1
123,244,1
123,25,1
123,391,1
123,508,1
123,259,1
123,131,1
123,514,1
134,501,1
134,213,1
134,107,1
142,99,1
142,487,1
290,315,1
290,303,1
290,215,1
290,25,1
290,423,1
290,341,1
290,57,1
294,397,1
294,399,1
294,421,1
294,368,1
294,206,1
294,70,1
294,469,1
294,333,1
294,23,1
294,323,1
294,81,1
294,216,1
294,379,1
294,98,1
294,463,1
294,301,1
294,441,1
294,186,1
294,263,1
264,463,1
264,316,1
264,399,1
264,294,1
264,301,1
264,63,1
264,397,1
264,155,1
264,143,1
264,307,1
264,263,1
264,323,1
264,216,1
264,81,1
264,269,1
264,417,1
264,379,1
264,333,1
264,350,1
265,302,1
265,36,1
265,345,1
265,254,1
265,191,1
265,369,1
265,32,1
265,457,1
265,450,1
265,47,1
265,341,1
265,225,1
265,207,1
265,213,1
265,219,1
265,33,1
265,519,1
265,296,1
265,245,1
265,55,1
265,375,1
265,44,1
265,524,1
265,500,1
265,393,1
265,106,1
265,401,1
265,183,1
265,313,1
265,334,1
265,42,1
265,128,1
265,147,1
265,210,1
180,496,1
180,287,1
180,376,1
184,41,1
184,125,1
184,68,1
184,445,1
184,221,1
184,223,1
184,412,1
184,418,1
184,12,1
184,501,1
184,131,1
184,82,1
184,185,1
184,521,1
188,80,1
188,78,1
188,273,1
188,18,1
188,272,1
188,341,1
188,450,1
188,456,1
188,256,1
188,59,1
188,217,1
188,378,1
188,183,1
188,301,1
188,334,1
188,427,1
188,213,1
188,71,1
188,492,1
188,331,1
188,348,1
188,495,1
188,253,1
188,270,1
188,344,1
188,501,1
188,326,1
188,112,1
188,286,1
188,439,1
188,364,1
188,23,1
153,157,1
153,513,1
153,111,1
153,314,1
153,354,1
153,67,1
153,189,1
153,135,1
153,470,1
153,50,1
153,352,1
153,16,1
153,280,1
153,433,1
153,121,1
153,507,1
153,466,1
153,337,1
154,96,1
154,501,1
154,489,1
154,509,1
154,341,1
154,115,1
154,249,1
154,213,1
154,101,1
154,401,1
154,492,1
155,163,1
155,463,1
155,397,1
155,350,1
155,399,1
155,264,1
155,216,1
155,35,1
155,307,1
155,70,1
155,93,1
155,81,1
155,301,1
155,198,1
155,206,1
155,323,1
155,333,1
155,316,1
155,407,1
155,358,1
155,379,1
155,417,1
155,441,1
155,263,1
155,23,1
159,249,1
159,355,1
159,353,1
159,24,1
159,141,1
159,182,1
159,123,1
159,455,1
159,432,1
159,338,1
159,419,1
159,331,1
159,110,1
159,405,1
161,110,1
161,312,1
161,473,1
161,121,1
161,72,1
161,222,1
161,422,1
161,511,1
161,371,1
161,347,1
161,415,1
161,288,1
161,359,1
161,149,1
161,432,1
161,230,1
161,353,1
161,48,1
161,182,1
161,277,1
161,197,1
161,398,1
161,173,1
161,309,1
161,409,1
162,471,1
162,377,1
162,234,1
162,336,1
162,61,1
162,491,1
162,228,1
162,513,1
162,305,1
173,447,1
173,512,1
173,476,1
173,353,1
173,422,1
173,223,1
173,131,1
173,121,1
173,395,1
173,90,1
173,20,1
173,141,1
173,56,1
173,161,1
173,403,1
173,405,1
173,432,1
173,398,1
173,418,1
173,409,1
188,508,1
188,500,1
188,166,1
188,480,1
188,295,1
188,369,1
188,57,1
188,404,1
190,258,1
190,295,1
190,42,1
190,404,1
190,104,1
190,315,1
190,59,1
190,9,1
194,205,1
194,306,1
194,296,1
194,87,1
194,334,1
194,32,1
194,393,1
194,500,1
194,207,1
194,479,1
194,524,1
194,450,1
198,417,1
198,421,1
198,307,1
198,93,1
198,155,1
198,316,1
198,379,1
198,70,1
198,481,1
198,397,1
198,333,1
198,269,1
198,81,1
198,407,1
198,350,1
198,63,1
198,23,1
198,294,1
198,463,1
198,263,1
201,403,1
201,233,1
201,192,1
201,24,1
201,254,1
201,25,1
201,310,1
201,362,1
201,319,1
201,295,1
201,297,1
201,120,1
201,382,1
201,31,1
201,331,1
201,418,1
201,303,1
201,250,1
201,405,1
201,214,1
201,495,1
201,501,1
201,380,1
201,423,1
201,365,1
201,391,1
201,510,1
201,46,1
201,249,1
201,456,1
201,253,1
201,57,1
201,453,1
201,220,1
201,183,1
201,387,1
201,301,1
201,40,1
201,412,1
201,504,1
201,315,1
201,322,1
201,281,1
201,400,1
201,59,1
201,364,1
215,495,1
215,508,1
215,319,1
215,510,1
215,249,1
215,387,1
215,253,1
215,213,1
215,281,1
215,117,1
215,301,1
215,24,1
215,412,1
215,303,1
215,57,1
215,47,1
215,250,1
215,365,1
215,59,1
215,120,1
228,234,1
228,471,1
228,491,1
228,305,1
228,162,1
233,185,1
233,254,1
233,286,1
233,220,1
233,404,1
233,323,1
233,183,1
233,18,1
233,426,1
233,80,1
233,365,1
233,69,1
233,240,1
233,144,1
233,501,1
233,249,1
233,112,1
233,331,1
233,439,1
233,450,1
233,364,1
233,71,1
233,341,1
233,96,1
233,24,1
233,201,1
233,412,1
233,344,1
233,423,1
233,107,1
233,213,1
270,217,1
270,78,1
270,460,1
270,175,1
270,328,1
270,96,1
270,324,1
270,12,1
242,447,1
242,360,1
242,82,1
242,398,1
242,12,1
242,78,1
253,301,1
253,400,1
253,18,1
253,412,1
253,215,1
253,200,1
253,431,1
253,508,1
253,151,1
253,53,1
253,445,1
253,19,1
233,253,1
233,419,1
233,52,1
233,315,1
233,400,1
233,508,1
233,437,1
233,297,1
233,461,1
241,285,1
241,397,1
241,396,1
253,423,1
253,188,1
253,254,1
253,59,1
253,56,1
253,303,1
253,315,1
253,501,1
253,404,1
253,52,1
253,418,1
253,437,1
253,120,1
253,319,1
253,362,1
253,492,1
253,331,1
253,185,1
253,504,1
253,385,1
253,201,1
253,22,1
253,402,1
253,233,1
253,403,1
253,23,1
253,68,1
253,310,1
253,456,1
253,461,1
253,168,1
253,495,1
253,300,1
253,112,1
253,80,1
253,96,1
258,345,1
258,482,1
270,188,1
280,246,1
280,38,1
280,433,1
280,354,1
280,466,1
280,314,1
280,525,1
280,29,1
280,352,1
280,50,1
280,78,1
280,507,1
280,516,1
280,157,1
280,189,1
280,121,1
280,513,1
280,16,1
280,153,1
280,67,1
285,397,1
285,241,1
290,501,1
290,47,1
290,403,1
290,254,1
290,301,1
294,198,1
294,407,1
294,264,1
294,417,1
294,93,1
294,350,1
294,307,1
301,399,1
301,481,1
301,95,1
301,446,1
301,215,1
301,249,1
301,113,1
301,407,1
301,218,1
301,207,1
301,350,1
301,88,1
301,456,1
301,391,1
301,24,1
301,329,1
301,82,1
301,306,1
301,417,1
301,57,1
301,327,1
301,341,1
301,479,1
301,406,1
301,397,1
301,47,1
301,263,1
301,266,1
301,400,1
301,405,1
301,231,1
301,334,1
301,269,1
301,206,1
301,93,1
301,253,1
301,411,1
301,63,1
301,369,1
301,307,1
301,104,1
301,320,1
301,404,1
301,340,1
301,295,1
301,254,1
301,431,1
301,480,1
301,316,1
301,447,1
301,59,1
301,427,1
301,333,1
301,365,1
301,315,1
301,323,1
301,26,1
301,22,1
301,358,1
301,418,1
301,386,1
301,216,1
301,188,1
301,255,1
301,164,1
301,294,1
301,108,1
301,79,1
301,123,1
301,35,1
301,58,1
301,144,1
301,282,1
301,508,1
301,264,1
301,5,1
301,96,1
301,310,1
301,250,1
301,344,1
301,443,1
301,191,1
301,155,1
301,163,1
301,214,1
301,390,1
301,319,1
301,290,1
301,178,1
301,515,1
301,127,1
301,81,1
301,322,1
301,504,1
301,331,1
301,453,1
301,500,1
301,375,1
301,485,1
301,379,1
301,107,1
301,52,1
301,140,1
301,23,1
301,31,1
301,112,1
301,502,1
301,495,1
301,463,1
301,186,1
301,501,1
301,70,1
301,450,1
301,510,1
301,201,1
258,104,1
258,479,1
258,23,1
258,341,1
258,450,1
258,404,1
258,33,1
258,317,1
258,500,1
258,444,1
258,508,1
258,465,1
258,15,1
258,147,1
258,190,1
258,28,1
258,42,1
258,334,1
258,86,1
258,373,1
258,141,1
258,36,1
258,55,1
258,245,1
258,375,1
258,114,1
258,211,1
258,315,1
263,20,1
263,5,1
263,269,1
263,301,1
263,350,1
263,454,1
263,399,1
263,63,1
263,216,1
263,51,1
263,294,1
263,198,1
263,358,1
263,35,1
263,368,1
263,93,1
263,463,1
263,164,1
263,23,1
263,155,1
263,98,1
263,323,1
263,417,1
263,407,1
263,186,1
263,421,1
263,264,1
263,379,1
263,397,1
263,307,1
263,469,1
263,333,1
263,81,1
263,143,1
263,316,1
263,70,1
301,325,1
304,362,1
305,234,1
305,162,1
501,212,1
501,364,1
501,141,1
501,382,1
501,437,1
501,334,1
501,503,1
501,23,1
501,256,1
501,184,1
501,401,1
501,253,1
501,272,1
501,6,1
501,518,1
501,96,1
501,154,1
501,126,1
501,461,1
501,301,1
501,365,1
501,201,1
501,260,1
501,319,1
501,22,1
501,390,1
501,57,1
501,456,1
501,115,1
501,400,1
500,225,1
500,36,1
500,106,1
500,378,1
500,170,1
500,23,1
500,86,1
500,465,1
500,213,1
500,91,1
500,237,1
500,254,1
500,369,1
500,313,1
500,345,1
500,519,1
500,188,1
500,272,1
500,286,1
500,495,1
500,219,1
500,412,1
500,245,1
500,479,1
500,524,1
500,364,1
500,96,1
500,124,1
500,273,1
500,303,1
500,390,1
500,301,1
500,505,1
500,75,1
500,194,1
500,205,1
500,112,1
328,125,1
333,206,1
333,20,1
333,269,1
333,307,1
333,51,1
333,323,1
333,397,1
333,379,1
333,98,1
333,216,1
333,294,1
333,301,1
333,95,1
333,93,1
333,316,1
333,263,1
333,417,1
333,5,1
333,264,1
333,146,1
333,155,1
333,350,1
333,368,1
333,399,1
333,81,1
333,70,1
333,407,1
333,63,1
333,463,1
333,198,1
333,23,1
356,186,1
356,34,1
356,358,1
362,300,1
362,400,1
362,324,1
362,232,1
362,176,1
362,174,1
362,304,1
362,288,1
362,201,1
362,231,1
362,78,1
362,2,1
362,253,1
362,419,1
362,187,1
364,69,1
364,412,1
364,437,1
364,526,1
364,201,1
364,474,1
364,464,1
364,188,1
364,267,1
364,450,1
364,233,1
364,6,1
364,341,1
364,71,1
364,115,1
364,500,1
364,112,1
364,501,1
364,378,1
364,401,1
364,461,1
364,225,1
364,518,1
364,248,1
364,101,1
368,463,1
368,263,1
368,98,1
368,397,1
368,20,1
368,216,1
368,333,1
368,294,1
368,379,1
368,93,1
368,421,1
368,63,1
368,70,1
368,350,1
368,307,1
368,23,1
378,404,1
378,112,1
378,1,1
378,315,1
378,6,1
378,512,1
378,508,1
378,188,1
378,101,1
378,115,1
378,225,1
378,274,1
378,412,1
378,364,1
378,344,1
378,401,1
305,61,1
305,377,1
305,491,1
305,228,1
305,471,1
316,51,1
316,397,1
316,389,1
316,350,1
316,269,1
316,198,1
316,63,1
316,263,1
316,216,1
316,206,1
316,70,1
316,379,1
316,333,1
316,5,1
316,81,1
316,23,1
316,93,1
316,20,1
316,323,1
316,463,1
316,264,1
316,301,1
316,307,1
316,155,1
316,417,1
316,407,1
316,481,1
324,400,1
324,85,1
324,460,1
324,270,1
324,418,1
324,298,1
324,83,1
324,288,1
324,362,1
324,328,1
324,428,1
324,223,1
324,8,1
324,78,1
324,96,1
324,501,1
324,512,1
324,360,1
328,324,1
328,270,1
328,284,1
328,78,1
378,24,1
378,213,1
378,248,1
378,500,1
378,464,1
391,338,1
391,284,1
391,46,1
391,119,1
391,437,1
391,359,1
391,201,1
391,312,1
391,495,1