source,target,value
1,341,1
1,511,1
1,411,1
1,282,1
1,216,1
1,387,1
1,255,1
2,411,1
2,379,1
2,7,1
2,188,1
464,71,1
464,265,1
464,295,1
464,482,1
501,129,1
501,451,1
501,297,1
501,374,1
501,145,1
501,45,1
501,116,1
501,394,1
501,387,1
501,479,1
501,375,1
501,283,1
501,157,1
502,451,1
502,241,1
502,41,1
502,394,1
502,370,1
502,44,1
502,201,1
502,327,1
502,283,1
502,135,1
502,356,1
502,405,1
502,25,1
502,72,1
502,184,1
502,45,1
502,509,1
502,304,1
502,90,1
502,527,1
502,493,1
502,435,1
502,511,1
502,342,1
502,501,1
502,298,1
502,345,1
502,440,1
502,57,1
502,108,1
502,234,1
502,215,1
502,60,1
502,53,1
502,326,1
502,481,1
502,48,1
502,325,1
502,189,1
502,113,1
502,510,1
502,291,1
502,66,1
502,141,1
502,19,1
502,70,1
502,314,1
502,413,1
502,81,1
464,99,1
464,156,1
464,390,1
464,80,1
464,24,1
464,324,1
464,308,1
464,21,1
464,408,1
464,264,1
477,174,1
477,225,1
477,119,1
477,404,1
477,441,1
477,409,1
477,153,1
477,178,1
478,104,1
478,144,1
478,267,1
478,114,1
478,455,1
478,468,1
478,476,1
478,164,1
493,515,1
493,525,1
493,88,1
493,345,1
493,33,1
493,102,1
493,342,1
493,510,1
493,214,1
493,189,1
493,116,1
493,502,1
493,25,1
2,436,1
2,249,1
2,25,1
2,465,1
2,177,1
2,420,1
2,26,1
3,363,1
3,8,1
3,420,1
3,457,1
4,296,1
4,24,1
4,323,1
4,406,1
4,366,1
4,209,1
5,509,1
5,175,1
5,441,1
5,233,1
5,124,1
5,74,1
5,252,1
5,420,1
5,209,1
5,301,1
5,248,1
5,403,1
5,343,1
5,245,1
5,425,1
5,494,1
5,188,1
6,464,1
6,302,1
6,418,1
6,270,1
6,187,1
6,264,1
6,94,1
6,334,1
6,455,1
6,308,1
6,398,1
6,71,1
6,380,1
6,82,1
6,351,1
6,317,1
6,24,1
6,64,1
7,314,1
7,503,1
7,342,1
7,214,1
7,451,1
7,127,1
7,116,1
7,2,1
7,77,1
7,513,1
7,502,1
7,413,1
7,501,1
7,387,1
7,379,1
7,365,1
392,124,1
392,13,1
392,282,1
392,301,1
392,352,1
392,86,1
392,366,1
392,420,1
392,429,1
392,302,1
392,350,1
392,28,1
392,79,1
392,177,1
392,132,1
392,139,1
392,304,1
392,167,1
392,55,1
392,245,1
392,32,1
392,332,1
392,236,1
392,383,1
392,193,1
392,145,1
392,81,1
392,26,1
397,242,1
398,217,1
398,308,1
398,408,1
398,99,1
398,317,1
398,324,1
398,369,1
398,334,1
398,6,1
398,156,1
398,264,1
398,265,1
398,400,1
398,199,1
398,104,1
398,380,1
398,482,1
398,418,1
398,295,1
398,242,1
398,207,1
398,286,1
398,464,1
398,302,1
398,82,1
408,82,1
408,351,1
408,324,1
408,199,1
408,264,1
408,442,1
408,71,1
408,380,1
408,295,1
408,94,1
408,156,1
408,317,1
501,56,1
501,228,1
501,376,1
501,10,1
501,11,1
501,266,1
501,59,1
501,489,1
501,328,1
501,7,1
501,211,1
501,307,1
501,257,1
501,29,1
501,342,1
501,43,1
501,22,1
501,502,1
501,259,1
501,14,1
501,44,1
501,469,1
501,219,1
501,33,1
501,253,1
501,366,1
501,511,1
501,53,1
501,34,1
501,290,1
501,335,1
501,48,1
501,402,1
501,458,1
501,208,1
501,184,1
501,319,1
501,303,1
446,207,1
446,13,1
446,184,1
446,147,1
446,83,1
446,410,1
446,339,1
446,378,1
446,185,1
446,436,1
446,224,1
448,111,1
448,243,1
448,272,1
448,441,1
448,260,1
448,126,1
448,310,1
448,13,1
448,73,1
448,49,1
448,224,1
448,198,1
448,42,1
448,50,1
448,474,1
448,174,1
448,231,1
448,416,1
448,278,1
448,399,1
448,122,1
448,150,1
448,423,1
448,396,1
448,149,1
448,372,1
448,360,1
448,414,1
448,433,1
448,302,1
448,182,1
448,354,1
448,410,1
457,50,1
457,214,1
457,287,1
457,41,1
457,320,1
457,509,1
457,193,1
457,55,1
457,189,1
457,188,1
457,301,1
457,285,1
457,366,1
457,202,1
457,47,1
457,309,1
457,24,1
457,447,1
457,26,1
457,184,1
457,58,1
457,313,1
457,60,1
457,332,1
457,302,1
457,296,1
457,454,1
457,236,1
457,502,1
457,430,1
457,249,1
457,97,1
457,251,1
457,383,1
457,311,1
457,32,1
457,342,1
457,167,1
457,145,1
457,341,1
457,304,1
457,496,1
457,349,1
457,254,1
457,3,1
457,461,1
457,276,1
457,413,1
457,438,1
457,241,1
457,177,1
457,132,1
457,323,1
457,429,1
464,455,1
464,418,1
464,369,1
464,334,1
464,351,1
464,359,1
408,24,1
408,302,1
408,308,1
408,104,1
408,464,1
408,418,1
408,398,1
408,99,1
408,334,1
408,64,1
408,422,1
408,207,1
408,217,1
413,403,1
413,440,1
413,481,1
413,387,1
413,15,1
413,110,1
413,326,1
413,216,1
413,108,1
413,255,1
413,463,1
413,48,1
413,19,1
413,282,1
413,419,1
413,86,1
413,221,1
413,25,1
413,296,1
413,366,1
413,81,1
413,214,1
413,58,1
413,349,1
413,379,1
413,121,1
413,381,1
413,254,1
413,501,1
413,502,1
413,169,1
413,53,1
413,201,1
413,234,1
413,505,1
413,202,1
413,132,1
413,69,1
413,332,1
413,527,1
413,241,1
413,261,1
413,511,1
413,462,1
413,503,1
413,417,1
413,311,1
413,83,1
413,222,1
413,72,1
413,250,1
413,316,1
413,496,1
413,23,1
413,493,1
413,401,1
413,345,1
413,128,1
413,405,1
413,57,1
413,7,1
413,60,1
413,365,1
413,509,1
413,342,1
413,404,1
413,97,1
413,449,1
413,304,1
413,457,1
413,406,1
413,335,1
413,184,1
413,185,1
413,320,1
413,102,1
413,504,1
413,451,1
419,215,1
419,413,1
419,142,1
419,185,1
419,296,1
419,58,1
419,86,1
419,496,1
419,202,1
419,84,1
419,249,1
419,255,1
419,302,1
419,326,1
419,509,1
419,174,1
419,502,1
419,446,1
419,325,1
419,24,1
419,404,1
419,48,1
419,417,1
419,311,1
419,436,1
419,405,1
419,222,1
419,60,1
419,332,1
419,28,1
419,438,1
419,186,1
419,254,1
419,427,1
446,321,1
446,347,1
446,269,1
446,25,1
446,84,1
446,419,1
446,186,1
446,254,1
464,96,1
464,380,1
464,398,1
464,270,1
464,199,1
464,6,1
464,194,1
464,302,1
464,400,1
464,217,1
464,52,1
464,94,1
464,82,1
464,36,1
464,64,1
464,207,1
464,317,1
493,254,1
493,402,1
493,413,1
493,496,1
493,43,1
493,509,1
493,155,1
493,113,1
493,451,1
493,275,1
493,490,1
493,97,1
493,480,1
493,53,1
501,192,1
502,214,1
502,102,1
502,274,1
502,503,1
502,465,1
502,316,1
502,79,1
502,496,1
502,406,1
502,109,1
502,83,1
502,221,1
502,387,1
502,219,1
502,427,1
502,419,1
502,332,1
502,249,1
502,86,1
502,490,1
513,522,1
513,465,1
513,379,1
513,406,1
513,9,1
513,461,1
513,325,1
513,142,1
513,79,1
513,7,1
513,50,1
513,174,1
514,434,1
514,51,1
514,28,1
514,360,1
514,50,1
514,158,1
514,17,1
514,122,1
514,247,1
514,355,1
514,315,1
514,78,1
514,353,1
514,136,1
514,190,1
514,474,1
514,272,1
514,39,1
514,73,1
514,331,1
514,30,1
514,97,1
514,223,1
514,262,1
514,485,1
514,154,1
514,68,1
514,63,1
514,65,1
514,491,1
514,467,1
514,182,1
514,163,1
514,112,1
514,471,1
514,281,1
514,338,1
521,98,1
8,339,1
8,147,1
8,417,1
8,169,1
8,3,1
8,461,1
8,245,1
8,236,1
8,429,1
8,436,1
8,275,1
9,513,1
9,456,1
9,461,1
9,325,1
9,79,1
10,191,1
10,157,1
14,93,1
14,511,1
14,24,1
14,211,1
14,145,1
14,34,1
14,255,1
14,129,1
14,506,1
14,125,1
14,157,1
14,48,1
14,75,1
14,257,1
14,314,1
14,214,1
14,387,1
14,16,1
14,364,1
14,342,1
14,466,1
14,479,1
15,24,1
15,366,1
15,509,1
15,142,1
15,413,1
15,311,1
15,216,1
15,316,1
15,503,1
15,296,1
15,255,1
15,367,1
16,374,1
16,376,1
13,243,1
13,169,1
13,233,1
13,344,1
13,132,1
13,241,1
13,50,1
13,139,1
13,145,1
13,440,1
13,465,1
13,177,1
13,185,1
13,28,1
13,446,1
13,430,1
10,148,1
11,335,1
11,290,1
11,297,1
11,328,1
11,273,1
11,314,1
11,458,1
11,48,1
11,303,1
11,481,1
11,274,1
11,375,1
11,127,1
11,394,1
11,501,1
11,44,1
11,211,1
11,108,1
11,53,1
11,220,1
11,208,1
11,256,1
11,451,1
11,45,1
11,391,1
11,257,1
11,157,1
10,34,1
10,29,1
10,307,1
10,171,1
10,33,1
10,107,1
10,466,1
10,105,1
10,376,1
10,214,1
10,374,1
10,506,1
10,37,1
10,297,1
10,238,1
10,501,1
10,525,1
10,43,1
10,509,1
10,87,1
10,75,1
10,346,1
10,258,1
10,246,1
10,445,1
13,448,1
13,529,1
13,354,1
13,392,1
14,45,1
14,525,1
14,412,1
14,206,1
14,43,1
14,246,1
14,297,1
14,501,1
14,29,1
14,253,1
14,375,1
14,273,1
14,346,1
14,220,1
14,489,1
14,33,1
14,151,1
14,451,1
16,318,1
16,37,1
16,451,1
16,412,1
16,116,1
16,506,1
16,335,1
16,246,1
16,509,1
16,148,1
16,402,1
16,43,1
16,483,1
13,411,1
13,209,1
13,236,1
13,124,1
13,81,1
13,301,1
13,404,1
13,128,1
13,26,1
13,127,1
13,84,1
13,222,1
13,499,1
13,436,1
13,473,1
13,275,1
13,310,1
13,420,1
13,350,1
13,417,1
13,271,1
13,387,1
16,364,1
16,125,1
16,259,1
33,102,1
33,14,1
33,107,1
33,266,1
33,214,1
33,480,1
33,314,1
33,346,1
33,307,1
33,145,1
34,33,1
34,148,1
34,511,1
34,319,1
34,10,1
34,346,1
34,266,1
34,48,1
34,87,1
34,318,1
34,374,1
34,506,1
34,293,1
34,125,1
34,16,1
34,364,1
34,501,1
34,412,1
34,246,1
34,43,1
34,214,1
34,481,1
34,151,1
34,37,1
34,107,1
34,376,1
34,14,1
34,479,1
34,466,1
34,220,1
34,29,1
34,520,1
34,375,1
34,307,1
34,335,1
34,56,1
34,157,1
34,342,1
30,17,1
30,247,1
30,122,1
30,518,1
30,526,1
30,136,1
30,467,1
30,471,1
30,315,1
30,517,1
30,338,1
30,281,1
30,434,1
30,39,1
30,514,1
30,190,1
31,177,1
31,133,1
31,236,1
31,170,1
31,233,1
31,382,1
31,436,1
19,335,1
19,511,1
19,234,1
19,221,1
19,504,1
19,257,1
19,342,1
19,113,1
19,451,1
19,345,1
19,72,1
19,401,1
19,189,1
19,241,1
19,167,1
19,108,1
19,316,1
19,81,1
19,145,1
19,255,1
19,440,1
19,254,1
20,204,1
20,405,1
20,509,1
20,326,1
20,27,1
20,216,1
20,381,1
20,505,1
20,432,1
20,255,1
20,58,1
20,293,1
20,254,1
20,142,1
20,60,1
20,311,1
21,170,1
21,390,1
21,222,1
21,369,1
21,334,1
21,464,1
21,420,1
21,317,1
21,77,1
21,64,1
21,313,1
21,188,1
21,264,1
21,417,1
21,260,1
21,174,1
21,380,1
21,132,1
21,308,1
21,411,1
21,139,1
21,356,1
21,198,1
21,52,1
22,345,1
22,401,1
22,53,1
22,273,1
16,342,1
16,394,1
16,75,1
16,34,1
16,212,1
16,115,1
16,56,1
16,466,1
16,14,1
17,353,1
17,471,1
17,338,1
17,112,1
17,514,1
17,30,1
17,154,1
17,196,1
17,281,1
17,355,1
17,136,1
17,158,1
17,190,1
17,122,1
18,294,1
18,497,1
19,413,1
19,273,1
19,45,1
19,214,1
19,86,1
19,298,1
19,502,1
22,44,1
22,462,1
22,127,1
22,108,1
22,221,1
22,387,1
22,250,1
22,241,1
22,501,1
22,257,1
22,349,1
22,303,1
22,41,1
22,25,1
22,214,1
22,261,1
23,502,1
23,496,1
23,214,1
23,215,1
23,302,1
23,490,1
23,97,1
23,404,1
23,57,1
23,102,1
23,413,1
23,349,1
23,24,1
23,509,1
23,320,1
23,254,1
23,219,1
24,14,1
24,320,1
24,496,1
24,369,1
24,406,1
24,128,1
24,308,1
24,97,1
24,27,1
24,501,1
24,215,1
24,4,1
24,330,1
24,141,1
24,214,1
24,110,1
24,506,1
24,283,1
24,142,1
24,334,1
24,105,1
24,246,1
24,370,1
24,199,1
24,37,1
24,208,1
24,58,1
24,250,1
24,270,1
24,53,1
24,380,1
24,251,1
24,187,1
24,205,1
24,6,1
24,189,1
24,451,1
24,503,1
24,374,1
24,367,1
24,498,1
24,407,1
24,328,1
24,296,1
24,77,1
24,60,1
24,383,1
24,79,1
24,307,1
24,207,1
24,317,1
24,366,1
24,408,1
24,151,1
24,192,1
24,164,1
24,349,1
24,419,1
24,303,1
24,15,1
24,34,1
24,64,1
24,108,1
24,394,1
24,220,1
24,479,1
24,335,1
24,282,1
24,481,1
24,259,1
24,323,1
24,293,1
24,525,1
24,351,1
24,152,1
24,505,1
24,449,1
24,219,1
24,115,1
24,324,1
24,274,1
24,458,1
24,264,1
24,25,1
24,316,1
24,345,1
24,511,1
24,455,1
24,442,1
24,171,1
24,297,1
24,295,1
24,502,1
24,113,1
24,56,1
24,59,1
24,311,1
24,94,1
24,26,1
24,490,1
24,255,1
24,107,1
24,387,1
24,156,1
24,405,1
24,302,1
24,466,1
24,71,1
24,211,1
24,254,1
24,427,1
24,48,1
24,489,1
24,464,1
24,157,1
24,454,1
24,23,1
24,342,1
24,217,1
24,257,1
24,102,1
24,391,1
24,457,1
24,332,1
25,481,1
25,293,1
25,432,1
25,41,1
25,234,1
25,214,1
25,332,1
25,145,1
25,142,1
25,407,1
25,413,1
25,366,1
25,102,1
25,381,1
25,250,1
25,420,1
25,505,1
25,26,1
25,160,1
25,81,1
25,296,1
25,54,1
25,449,1
25,22,1
25,341,1
25,216,1
25,110,1
25,326,1
25,502,1
25,466,1
25,335,1
25,511,1
25,496,1
25,255,1
25,202,1
25,186,1
25,503,1
25,48,1
25,241,1
31,26,1
31,420,1
31,25,1
32,496,1
32,366,1
32,26,1
32,193,1
32,202,1
32,457,1
32,47,1
32,392,1
32,302,1
33,391,1
33,402,1
33,451,1
33,76,1
33,489,1
33,34,1
33,87,1
33,255,1
33,220,1
33,506,1
33,490,1
33,342,1
33,208,1
33,370,1
26,356,1
26,58,1
27,58,1
27,326,1
27,20,1
27,311,1
27,405,1
27,481,1
27,25,1
27,282,1
27,345,1
27,302,1
27,296,1
27,142,1
27,60,1
27,293,1
27,316,1
27,24,1
27,216,1
27,255,1
27,341,1
28,438,1
28,529,1
28,233,1
28,66,1
28,50,1
28,316,1
28,13,1
28,332,1
28,57,1
28,132,1
28,415,1
28,419,1
28,300,1
28,522,1
28,392,1
28,47,1
28,276,1
25,379,1
25,27,1
25,405,1
25,302,1
25,323,1
25,342,1
25,446,1
25,387,1
25,327,1
25,184,1
25,60,1
25,97,1
25,401,1
25,31,1
25,404,1
25,204,1
25,58,1
25,128,1
25,493,1
25,451,1
25,72,1
25,311,1
25,509,1
25,152,1
25,108,1
25,251,1
25,2,1
25,287,1
25,257,1
25,24,1
26,193,1
26,383,1
26,201,1
26,332,1
26,304,1
26,436,1
26,202,1
26,222,1
26,322,1
26,57,1
26,79,1
26,28,1
26,250,1
26,47,1
26,282,1
26,406,1
26,124,1
26,177,1
26,291,1
26,429,1
26,430,1
26,133,1
26,496,1
26,24,1
26,122,1
26,209,1
26,396,1
26,90,1
26,55,1
26,366,1
26,32,1
26,2,1
26,339,1
26,13,1
26,25,1
26,457,1
26,456,1
26,421,1
26,132,1
26,245,1
26,313,1
26,31,1
26,420,1
26,81,1
26,392,1
26,50,1
28,86,1
28,124,1
28,26,1
28,201,1
28,473,1
28,514,1
33,290,1
33,335,1
33,88,1
33,246,1
33,93,1
33,157,1
33,10,1
33,171,1
33,458,1
33,129,1
33,511,1
33,375,1
33,195,1
33,364,1
33,125,1
33,297,1
33,525,1
33,501,1
33,29,1
33,211,1
33,92,1
33,303,1
33,206,1
33,493,1
34,297,1
34,24,1
34,258,1
34,259,1
34,257,1
34,171,1
35,165,1
35,359,1
35,357,1
35,187,1
36,464,1
36,308,1
36,156,1
36,99,1
36,82,1
36,324,1
36,302,1
36,71,1
36,264,1
37,335,1
37,483,1
37,501,1
37,151,1
37,24,1
29,171,1
29,33,1
29,75,1
29,148,1
29,107,1
29,238,1
29,258,1
29,479,1
29,375,1
29,87,1
29,451,1
29,501,1
29,489,1
29,307,1
29,56,1
29,212,1
29,14,1
29,391,1
29,466,1
29,37,1
29,76,1
29,105,1
29,192,1
29,10,1
29,297,1
29,525,1
29,246,1
29,376,1
29,346,1
29,43,1
29,402,1
29,509,1
29,92,1
29,34,1
29,157,1
29,206,1
29,506,1
29,259,1
29,151,1
30,196,1
30,158,1
30,101,1
37,48,1
37,314,1
37,266,1
37,238,1
37,342,1
37,318,1
37,34,1
37,520,1
37,297,1
37,56,1
37,115,1
37,374,1
37,479,1
37,451,1
37,87,1
37,259,1
37,509,1
37,394,1
37,171,1
37,16,1
37,246,1
37,376,1
37,346,1
37,466,1
37,29,1
37,255,1
37,10,1
37,506,1
50,522,1
51,196,1
51,173,1
51,353,1
51,122,1
51,471,1
51,467,1
51,434,1
51,68,1
51,154,1
51,338,1
50,231,1
50,448,1
50,182,1
50,73,1
50,170,1
50,57,1
50,350,1
39,136,1
39,526,1
39,122,1
39,508,1
39,30,1
39,434,1
39,353,1
39,158,1
39,491,1
39,355,1
39,68,1
39,485,1
39,514,1
39,471,1
39,281,1
39,112,1
39,315,1
39,247,1
40,96,1
40,476,1
41,202,1
41,145,1
41,48,1
41,113,1
41,184,1
41,502,1
41,142,1
41,360,1
41,287,1
41,126,1
41,509,1
41,401,1
41,152,1
37,148,1
37,43,1
37,480,1
41,44,1
41,316,1
41,293,1
41,108,1
41,214,1
41,127,1
41,257,1
41,298,1
41,25,1
41,273,1
41,429,1
41,90,1
41,527,1
41,457,1
41,387,1
41,167,1
41,345,1
41,22,1
41,326,1
42,436,1
42,50,1
42,182,1
42,101,1
42,185,1
42,448,1
42,416,1
42,414,1
42,399,1
43,346,1
43,102,1
43,483,1
43,14,1
43,506,1
43,56,1
43,326,1
43,34,1
43,466,1
43,501,1
43,376,1
43,16,1
43,266,1
50,457,1
50,272,1
50,356,1
50,360,1
50,222,1
50,26,1
50,13,1
50,487,1
50,150,1
50,122,1
50,233,1
50,438,1
50,260,1
50,420,1
50,47,1
50,236,1
50,415,1
50,177,1
50,529,1
44,451,1
44,257,1
44,250,1
44,214,1
44,314,1
44,502,1
44,407,1
44,432,1
44,458,1
44,282,1
44,498,1
44,332,1
44,108,1
44,387,1
45,53,1
45,266,1
45,342,1
45,145,1
45,520,1
45,458,1
45,335,1
45,427,1
45,303,1
45,256,1
45,501,1
45,14,1
45,328,1
45,19,1
45,220,1
45,48,1
45,257,1
45,502,1
45,346,1
45,127,1
45,211,1
45,157,1
45,511,1
45,387,1
45,394,1
45,108,1
45,451,1
45,481,1
45,273,1
45,11,1
46,315,1
46,78,1
46,112,1
46,68,1
46,337,1
46,101,1
46,517,1
46,467,1
46,355,1
46,136,1
46,237,1
46,247,1
46,190,1
46,471,1
43,115,1
43,212,1
43,318,1
43,75,1
43,479,1
43,314,1
43,87,1
43,246,1
43,125,1
43,405,1
43,316,1
43,391,1
43,148,1
43,214,1
43,37,1
43,342,1
43,451,1
43,335,1
43,394,1
43,191,1
43,10,1
43,412,1
43,29,1
43,493,1
43,374,1
43,364,1
43,107,1
43,60,1
43,307,1
43,259,1
43,105,1
43,258,1
43,509,1
44,501,1
44,342,1
44,366,1
44,293,1
44,48,1
44,53,1
44,54,1
44,345,1
44,241,1
44,11,1
44,220,1
44,152,1
44,22,1
44,273,1
44,41,1
44,401,1
44,303,1
44,127,1
46,51,1
47,201,1
47,457,1
47,170,1
47,366,1
47,32,1
47,202,1
50,186,1
50,436,1
50,514,1
50,406,1
50,201,1
50,28,1
51,281,1
51,46,1
51,136,1
51,514,1
51,158,1
51,337,1
51,355,1
52,308,1
52,120,1
52,317,1
52,222,1
52,411,1
52,77,1
52,464,1
47,26,1
47,50,1
47,28,1
47,438,1
47,193,1
47,57,1
47,224,1
47,429,1
47,392,1
47,244,1
47,496,1
48,428,1
48,171,1
48,76,1
48,24,1
48,374,1
48,419,1
48,256,1
48,506,1
48,214,1
48,302,1
48,401,1
48,346,1
48,216,1
48,246,1
48,489,1
48,296,1
48,60,1
48,45,1
48,206,1
48,327,1
48,25,1
48,291,1
48,319,1
48,451,1
48,108,1
48,311,1
48,41,1
48,387,1
48,14,1
48,480,1
48,34,1
48,297,1
48,37,1
48,496,1
48,404,1
48,440,1
48,298,1
48,128,1
48,303,1
48,391,1
48,11,1
48,58,1
48,44,1
48,250,1
48,458,1
48,307,1
48,220,1
48,255,1
48,402,1
48,413,1
48,501,1
48,370,1
48,148,1
48,466,1
48,113,1
48,266,1
48,157,1
48,505,1
48,502,1
48,107,1
48,241,1
48,184,1
48,273,1
48,511,1
48,204,1
48,366,1
48,335,1
48,332,1
48,127,1
48,504,1
48,342,1
49,153,1
49,50,1
49,169,1
49,278,1
49,231,1
49,448,1
49,372,1
49,399,1
49,162,1
49,310,1
49,416,1
49,150,1
49,429,1
50,188,1
50,474,1
50,49,1
50,42,1
50,132,1
50,232,1
50,386,1
50,513,1
50,414,1
52,334,1
52,390,1
52,132,1
52,264,1
52,21,1
53,413,1
53,214,1
53,304,1
53,527,1
53,481,1
53,234,1
53,451,1
53,511,1
53,22,1
53,250,1
53,45,1
53,332,1
53,498,1
53,152,1
53,293,1
53,366,1
53,184,1
53,383,1
53,215,1
53,24,1
53,254,1
53,440,1
53,192,1
53,145,1
53,302,1
53,128,1
53,342,1
53,496,1
53,97,1
53,257,1
53,391,1
53,296,1
53,349,1
53,502,1
53,501,1
53,127,1
53,323,1
53,490,1
53,509,1
53,44,1
53,273,1
53,11,1
53,58,1
53,493,1
53,102,1
53,251,1
53,241,1
53,81,1
53,287,1
53,401,1
53,314,1
53,387,1
54,127,1
54,60,1
54,387,1
54,241,1
54,25,1
54,254,1
54,454,1
54,44,1
54,341,1
113,349,1
115,342,1
115,318,1
115,374,1
115,212,1
115,480,1
115,376,1
115,16,1
115,483,1
115,394,1
115,148,1
115,37,1
115,24,1
115,75,1
115,43,1
115,258,1
115,259,1
115,451,1
115,335,1
115,56,1
118,282,1
118,255,1
118,216,1
118,503,1
122,315,1
122,467,1
122,182,1
122,514,1
122,331,1
122,63,1
122,17,1
122,223,1
122,448,1
122,508,1
122,26,1
122,355,1
122,517,1
122,281,1
122,30,1
122,50,1
122,485,1
122,154,1
122,382,1
122,39,1
123,313,1
123,441,1
123,222,1
123,474,1
102,33,1
102,24,1
102,370,1
102,365,1
102,490,1
102,23,1
102,214,1
102,25,1
102,496,1
102,97,1
102,342,1
102,53,1
102,402,1
102,155,1
102,88,1
102,379,1
102,152,1
102,376,1
57,50,1
57,97,1
57,415,1
57,47,1
57,406,1
57,201,1
57,502,1
57,174,1
57,177,1
57,438,1
57,26,1
57,456,1
57,413,1
57,61,1
57,524,1
57,23,1
57,214,1
57,183,1
57,320,1
57,182,1
57,313,1
57,254,1
57,108,1
57,423,1
57,522,1
58,496,1
58,53,1
58,457,1
58,406,1
58,296,1
58,503,1
58,152,1
58,67,1
58,330,1
58,20,1
58,316,1
58,257,1
58,350,1
58,251,1
58,320,1
58,405,1
58,293,1
58,189,1
58,60,1
58,504,1
58,48,1
58,509,1
58,402,1
58,27,1
58,460,1
58,255,1
58,145,1
58,313,1
58,454,1
58,345,1
58,110,1
58,209,1
58,342,1
58,250,1
58,326,1
58,511,1
58,304,1
58,383,1
58,214,1
58,424,1
58,302,1
58,108,1
58,26,1
58,367,1
58,204,1
58,202,1
58,113,1
58,128,1
58,216,1
58,291,1
58,332,1
58,419,1
58,451,1
58,413,1
58,142,1
58,449,1
58,25,1
58,54,1
58,24,1
58,366,1
58,341,1
58,184,1
58,432,1
58,349,1
58,502,1
58,311,1
59,501,1
59,302,1
59,328,1
59,24,1
60,454,1
60,25,1
60,215,1
60,326,1
60,383,1
60,113,1
60,142,1
60,320,1
60,367,1
60,145,1
60,48,1
60,202,1
60,152,1
60,43,1
60,24,1
60,108,1
60,407,1
60,191,1
60,503,1
60,128,1
60,189,1
60,316,1
54,216,1
54,326,1
54,167,1
54,432,1
54,251,1
54,110,1
54,293,1
54,152,1
54,407,1
54,342,1
54,58,1
54,511,1
55,392,1
55,26,1
55,366,1
55,496,1
55,457,1
56,87,1
56,335,1
56,506,1
56,43,1
56,412,1
56,480,1
56,258,1
56,115,1
56,318,1
56,483,1
56,24,1
56,374,1
56,316,1
56,37,1
56,466,1
56,342,1
56,376,1
56,34,1
56,259,1
56,16,1
56,148,1
56,29,1
56,266,1
56,501,1
56,451,1
56,479,1
56,75,1
56,246,1
57,219,1
57,404,1
57,241,1
57,132,1
57,405,1
57,28,1
57,120,1
60,330,1
60,349,1
60,424,1
60,505,1
60,216,1
60,391,1
60,302,1
60,204,1
60,255,1
60,465,1
60,431,1
60,366,1
60,27,1
60,341,1
60,404,1
60,332,1
60,419,1
60,462,1
60,58,1
60,167,1
60,311,1
60,432,1
60,293,1
60,251,1
60,406,1
60,333,1
60,451,1
60,254,1
60,496,1
60,20,1
60,413,1
60,345,1
60,105,1
60,502,1
60,509,1
60,296,1
60,54,1
60,257,1
60,110,1
60,457,1
61,499,1
61,101,1
61,57,1
61,122,1
61,474,1
61,223,1
61,512,1
61,423,1
64,302,1
64,24,1
64,380,1
64,334,1
64,464,1
64,21,1
64,6,1
64,265,1
64,408,1
64,369,1
64,351,1
64,308,1
64,77,1
64,264,1
64,199,1
64,317,1
64,94,1
64,324,1
64,418,1
64,217,1
64,71,1
74,509,1
74,175,1
74,124,1
74,252,1
74,523,1
74,188,1
74,5,1
74,494,1
74,245,1
79,24,1
79,429,1
79,218,1
79,189,1
79,363,1
79,9,1
79,392,1
79,299,1
79,271,1
79,461,1
79,97,1
79,243,1
79,513,1
79,329,1
79,325,1
79,366,1
79,281,1
79,26,1
79,502,1
82,36,1
82,418,1
82,398,1
82,217,1
82,6,1
82,464,1
82,482,1
82,324,1
82,408,1
82,302,1
82,334,1
82,71,1
82,199,1
82,308,1
82,317,1
102,502,1
102,493,1
102,413,1
109,244,1
109,302,1
109,438,1
97,219,1
97,24,1
97,72,1
97,63,1
97,501,1
97,325,1
98,521,1
98,371,1
99,295,1
99,94,1
99,207,1
99,217,1
99,408,1
99,264,1
99,398,1
99,369,1
99,324,1
99,351,1
99,36,1
99,464,1
99,308,1
99,334,1
82,422,1
82,351,1
82,264,1
82,156,1
82,295,1
82,94,1
82,270,1
82,380,1
82,207,1
82,265,1
83,243,1
83,502,1
83,302,1
83,399,1
83,236,1
83,185,1
83,413,1
83,446,1
83,186,1
83,361,1
84,419,1
84,436,1
84,13,1
84,325,1
84,529,1
84,446,1
84,224,1
84,301,1
91,174,1
91,433,1
91,132,1
91,272,1
91,313,1
94,380,1
94,317,1
94,334,1
94,400,1
94,270,1
94,308,1
94,369,1
94,156,1
94,324,1
94,64,1
94,99,1
94,264,1
94,351,1
94,199,1
94,24,1
94,82,1
94,482,1
94,418,1
94,295,1
94,71,1
94,6,1
94,217,1
94,464,1
94,455,1
94,302,1
94,408,1
97,215,1
97,461,1
97,261,1
97,226,1
97,457,1
97,462,1
97,304,1
97,155,1
97,90,1
97,302,1
97,514,1
97,402,1
97,451,1
97,493,1
97,66,1
97,86,1
97,254,1
97,413,1
97,116,1
97,81,1
97,25,1
97,214,1
97,213,1
97,490,1
97,208,1
97,316,1
97,332,1
97,23,1
97,53,1
97,271,1
97,496,1
97,502,1
97,201,1
97,335,1
97,70,1
97,298,1
97,57,1
97,79,1
97,184,1
97,427,1
97,234,1
97,102,1
100,488,1
100,309,1
109,502,1
109,515,1
111,433,1
111,339,1
111,182,1
111,354,1
111,160,1
111,399,1
111,222,1
111,448,1
111,162,1
112,158,1
112,39,1
112,122,1
112,485,1
112,315,1
112,353,1
112,247,1
112,514,1
112,17,1
112,471,1
112,355,1
112,101,1
112,517,1
112,190,1
112,68,1
112,46,1
112,434,1
112,467,1
112,154,1
112,237,1
113,503,1
113,509,1
113,48,1
113,501,1
113,81,1
113,320,1
113,254,1
113,58,1
113,60,1
113,167,1
113,405,1
113,342,1
113,333,1
113,127,1
113,401,1
113,493,1
113,451,1
113,274,1
113,481,1
113,302,1
113,189,1
113,72,1
113,234,1
113,326,1
113,41,1
113,108,1
113,142,1
113,502,1
113,402,1
113,273,1
113,379,1
113,24,1
113,214,1
113,332,1
113,19,1
113,90,1
113,257,1
113,365,1
123,272,1
123,524,1
123,463,1
100,421,1
100,143,1
100,496,1
100,393,1
102,116,1
102,293,1
102,515,1
102,345,1
102,451,1
102,192,1
102,510,1
102,43,1
102,316,1
102,250,1
124,13,1
124,28,1
124,5,1
124,74,1
124,313,1
124,433,1
124,302,1
124,350,1
124,209,1
124,420,1
124,252,1
124,160,1
124,494,1
124,81,1
124,429,1
124,356,1
124,245,1
124,26,1
124,392,1
124,509,1
124,260,1
124,132,1
124,515,1
135,502,1
135,214,1
135,108,1
143,100,1
143,488,1
291,316,1
291,304,1
291,216,1
291,26,1
291,424,1
291,342,1
291,58,1
295,398,1
295,400,1
295,422,1
295,369,1
295,207,1
295,71,1
295,470,1
295,334,1
295,24,1
295,324,1
295,82,1
295,217,1
295,380,1
295,99,1
295,464,1
295,302,1
295,442,1
295,187,1
295,264,1
265,464,1
265,317,1
265,400,1
265,295,1
265,302,1
265,64,1
265,398,1
265,156,1
265,144,1
265,308,1
265,264,1
265,324,1
265,217,1
265,82,1
265,270,1
265,418,1
265,380,1
265,334,1
265,351,1
266,303,1
266,37,1
266,346,1
266,255,1
266,192,1
266,370,1
266,33,1
266,458,1
266,451,1
266,48,1
266,342,1
266,226,1
266,208,1
266,214,1
266,220,1
266,34,1
266,520,1
266,297,1
266,246,1
266,56,1
266,376,1
266,45,1
266,525,1
266,501,1
266,394,1
266,107,1
266,402,1
266,184,1
266,314,1
266,335,1
266,43,1
266,129,1
266,148,1
266,211,1
181,497,1
181,288,1
181,377,1
185,42,1
185,126,1
185,69,1
185,446,1
185,222,1
185,224,1
185,413,1
185,419,1
185,13,1
185,502,1
185,132,1
185,83,1
185,186,1
185,522,1
189,81,1
189,79,1
189,274,1
189,19,1
189,273,1
189,342,1
189,451,1
189,457,1
189,257,1
189,60,1
189,218,1
189,379,1
189,184,1
189,302,1
189,335,1
189,428,1
189,214,1
189,72,1
189,493,1
189,332,1
189,349,1
189,496,1
189,254,1
189,271,1
189,345,1
189,502,1
189,327,1
189,113,1
189,287,1
189,440,1
189,365,1
189,24,1
154,158,1
154,514,1
154,112,1
154,315,1
154,355,1
154,68,1
154,190,1
154,136,1
154,471,1
154,51,1
154,353,1
154,17,1
154,281,1
154,434,1
154,122,1
154,508,1
154,467,1
154,338,1
155,97,1
155,502,1
155,490,1
155,510,1
155,342,1
155,116,1
155,250,1
155,214,1
155,102,1
155,402,1
155,493,1
156,164,1
156,464,1
156,398,1
156,351,1
156,400,1
156,265,1
156,217,1
156,36,1
156,308,1
156,71,1
156,94,1
156,82,1
156,302,1
156,199,1
156,207,1
156,324,1
156,334,1
156,317,1
156,408,1
156,359,1
156,380,1
156,418,1
156,442,1
156,264,1
156,24,1
160,250,1
160,356,1
160,354,1
160,25,1
160,142,1
160,183,1
160,124,1
160,456,1
160,433,1
160,339,1
160,420,1
160,332,1
160,111,1
160,406,1
162,111,1
162,313,1
162,474,1
162,122,1
162,73,1
162,223,1
162,423,1
162,512,1
162,372,1
162,348,1
162,416,1
162,289,1
162,360,1
162,150,1
162,433,1
162,231,1
162,354,1
162,49,1
162,183,1
162,278,1
162,198,1
162,399,1
162,174,1
162,310,1
162,410,1
163,472,1
163,378,1
163,235,1
163,337,1
163,62,1
163,492,1
163,229,1
163,514,1
163,306,1
174,448,1
174,513,1
174,477,1
174,354,1
174,423,1
174,224,1
174,132,1
174,122,1
174,396,1
174,91,1
174,21,1
174,142,1
174,57,1
174,162,1
174,404,1
174,406,1
174,433,1
174,399,1
174,419,1
174,410,1
189,509,1
189,501,1
189,167,1
189,481,1
189,296,1
189,370,1
189,58,1
189,405,1
191,259,1
191,296,1
191,43,1
191,405,1
191,105,1
191,316,1
191,60,1
191,10,1
195,206,1
195,307,1
195,297,1
195,88,1
195,335,1
195,33,1
195,394,1
195,501,1
195,208,1
195,480,1
195,525,1
195,451,1
199,418,1
199,422,1
199,308,1
199,94,1
199,156,1
199,317,1
199,380,1
199,71,1
199,482,1
199,398,1
199,334,1
199,270,1
199,82,1
199,408,1
199,351,1
199,64,1
199,24,1
199,295,1
199,464,1
199,264,1
202,404,1
202,234,1
202,193,1
202,25,1
202,255,1
202,26,1
202,311,1
202,363,1
202,320,1
202,296,1
202,298,1
202,121,1
202,383,1
202,32,1
202,332,1
202,419,1
202,304,1
202,251,1
202,406,1
202,215,1
202,496,1
202,502,1
202,381,1
202,424,1
202,366,1
202,392,1
202,511,1
202,47,1
202,250,1
202,457,1
202,254,1
202,58,1
202,454,1
202,221,1
202,184,1
202,388,1
202,302,1
202,41,1
202,413,1
202,505,1
202,316,1
202,323,1
202,282,1
202,401,1
202,60,1
202,365,1
216,496,1
216,509,1
216,320,1
216,511,1
216,250,1
216,388,1
216,254,1
216,214,1
216,282,1
216,118,1
216,302,1
216,25,1
216,413,1
216,304,1
216,58,1
216,48,1
216,251,1
216,366,1
216,60,1
216,121,1
229,235,1
229,472,1
229,492,1
229,306,1
229,163,1
234,186,1
234,255,1
234,287,1
234,221,1
234,405,1
234,324,1
234,184,1
234,19,1
234,427,1
234,81,1
234,366,1
234,70,1
234,241,1
234,145,1
234,502,1
234,250,1
234,113,1
234,332,1
234,440,1
234,451,1
234,365,1
234,72,1
234,342,1
234,97,1
234,25,1
234,202,1
234,413,1
234,345,1
234,424,1
234,108,1
234,214,1
271,218,1
271,79,1
271,461,1
271,176,1
271,329,1
271,97,1
271,325,1
271,13,1
243,448,1
243,361,1
243,83,1
243,399,1
243,13,1
243,79,1
254,302,1
254,401,1
254,19,1
254,413,1
254,216,1
254,201,1
254,432,1
254,509,1
254,152,1
254,54,1
254,446,1
254,20,1
234,254,1
234,420,1
234,53,1
234,316,1
234,401,1
234,509,1
234,438,1
234,298,1
234,462,1
242,286,1
242,398,1
242,397,1
254,424,1
254,189,1
254,255,1
254,60,1
254,57,1
254,304,1
254,316,1
254,502,1
254,405,1
254,53,1
254,419,1
254,438,1
254,121,1
254,320,1
254,363,1
254,493,1
254,332,1
254,186,1
254,505,1
254,386,1
254,202,1
254,23,1
254,403,1
254,234,1
254,404,1
254,24,1
254,69,1
254,311,1
254,457,1
254,462,1
254,169,1
254,496,1
254,301,1
254,113,1
254,81,1
254,97,1
259,346,1
259,483,1
271,189,1
281,247,1
281,39,1
281,434,1
281,355,1
281,467,1
281,315,1
281,526,1
281,30,1
281,353,1
281,51,1
281,79,1
281,508,1
281,517,1
281,158,1
281,190,1
281,122,1
281,514,1
281,17,1
281,154,1
281,68,1
286,398,1
286,242,1
291,502,1
291,48,1
291,404,1
291,255,1
291,302,1
295,199,1
295,408,1
295,265,1
295,418,1
295,94,1
295,351,1
295,308,1
302,400,1
302,482,1
302,96,1
302,447,1
302,216,1
302,250,1
302,114,1
302,408,1
302,219,1
302,208,1
302,351,1
302,89,1
302,457,1
302,392,1
302,25,1
302,330,1
302,83,1
302,307,1
302,418,1
302,58,1
302,328,1
302,342,1
302,480,1
302,407,1
302,398,1
302,48,1
302,264,1
302,267,1
302,401,1
302,406,1
302,232,1
302,335,1
302,270,1
302,207,1
302,94,1
302,254,1
302,412,1
302,64,1
302,370,1
302,308,1
302,105,1
302,321,1
302,405,1
302,341,1
302,296,1
302,255,1
302,432,1
302,481,1
302,317,1
302,448,1
302,60,1
302,428,1
302,334,1
302,366,1
302,316,1
302,324,1
302,27,1
302,23,1
302,359,1
302,419,1
302,387,1
302,217,1
302,189,1
302,256,1
302,165,1
302,295,1
302,109,1
302,80,1
302,124,1
302,36,1
302,59,1
302,145,1
302,283,1
302,509,1
302,265,1
302,6,1
302,97,1
302,311,1
302,251,1
302,345,1
302,444,1
302,192,1
302,156,1
302,164,1
302,215,1
302,391,1
302,320,1
302,291,1
302,179,1
302,516,1
302,128,1
302,82,1
302,323,1
302,505,1
302,332,1
302,454,1
302,501,1
302,376,1
302,486,1
302,380,1
302,108,1
302,53,1
302,141,1
302,24,1
302,32,1
302,113,1
302,503,1
302,496,1
302,464,1
302,187,1
302,502,1
302,71,1
302,451,1
302,511,1
302,202,1
259,105,1
259,480,1
259,24,1
259,342,1
259,451,1
259,405,1
259,34,1
259,318,1
259,501,1
259,445,1
259,509,1
259,466,1
259,16,1
259,148,1
259,191,1
259,29,1
259,43,1
259,335,1
259,87,1
259,374,1
259,142,1
259,37,1
259,56,1
259,246,1
259,376,1
259,115,1
259,212,1
259,316,1
264,21,1
264,6,1
264,270,1
264,302,1
264,351,1
264,455,1
264,400,1
264,64,1
264,217,1
264,52,1
264,295,1
264,199,1
264,359,1
264,36,1
264,369,1
264,94,1
264,464,1
264,165,1
264,24,1
264,156,1
264,99,1
264,324,1
264,418,1
264,408,1
264,187,1
264,422,1
264,265,1
264,380,1
264,398,1
264,308,1
264,470,1
264,334,1
264,82,1
264,144,1
264,317,1
264,71,1
302,326,1
305,363,1
306,235,1
306,163,1
502,213,1
502,365,1
502,142,1
502,383,1
502,438,1
502,335,1
502,504,1
502,24,1
502,257,1
502,185,1
502,402,1
502,254,1
502,273,1
502,7,1
502,519,1
502,97,1
502,155,1
502,127,1
502,462,1
502,302,1
502,366,1
502,202,1
502,261,1
502,320,1
502,23,1
502,391,1
502,58,1
502,457,1
502,116,1
502,401,1
501,226,1
501,37,1
501,107,1
501,379,1
501,171,1
501,24,1
501,87,1
501,466,1
501,214,1
501,92,1
501,238,1
501,255,1
501,370,1
501,314,1
501,346,1
501,520,1
501,189,1
501,273,1
501,287,1
501,496,1
501,220,1
501,413,1
501,246,1
501,480,1
501,525,1
501,365,1
501,97,1
501,125,1
501,274,1
501,304,1
501,391,1
501,302,1
501,506,1
501,76,1
501,195,1
501,206,1
501,113,1
329,126,1
334,207,1
334,21,1
334,270,1
334,308,1
334,52,1
334,324,1
334,398,1
334,380,1
334,99,1
334,217,1
334,295,1
334,302,1
334,96,1
334,94,1
334,317,1
334,264,1
334,418,1
334,6,1
334,265,1
334,147,1
334,156,1
334,351,1
334,369,1
334,400,1
334,82,1
334,71,1
334,408,1
334,64,1
334,464,1
334,199,1
334,24,1
357,187,1
357,35,1
357,359,1
363,301,1
363,401,1
363,325,1
363,233,1
363,177,1
363,175,1
363,305,1
363,289,1
363,202,1
363,232,1
363,79,1
363,3,1
363,254,1
363,420,1
363,188,1
365,70,1
365,413,1
365,438,1
365,527,1
365,202,1
365,475,1
365,465,1
365,189,1
365,268,1
365,451,1
365,234,1
365,7,1
365,342,1
365,72,1
365,116,1
365,501,1
365,113,1
365,502,1
365,379,1
365,402,1
365,462,1
365,226,1
365,519,1
365,249,1
365,102,1
369,464,1
369,264,1
369,99,1
369,398,1
369,21,1
369,217,1
369,334,1
369,295,1
369,380,1
369,94,1
369,422,1
369,64,1
369,71,1
369,351,1
369,308,1
369,24,1
379,405,1
379,113,1
379,2,1
379,316,1
379,7,1
379,513,1
379,509,1
379,189,1
379,102,1
379,116,1
379,226,1
379,275,1
379,413,1
379,365,1
379,345,1
379,402,1
306,62,1
306,378,1
306,492,1
306,229,1
306,472,1
317,52,1
317,398,1
317,390,1
317,351,1
317,270,1
317,199,1
317,64,1
317,264,1
317,217,1
317,207,1
317,71,1
317,380,1
317,334,1
317,6,1
317,82,1
317,24,1
317,94,1
317,21,1
317,324,1
317,464,1
317,265,1
317,302,1
317,308,1
317,156,1
317,418,1
317,408,1
317,482,1
325,401,1
325,86,1
325,461,1
325,271,1
325,419,1
325,299,1
325,84,1
325,289,1
325,363,1
325,329,1
325,429,1
325,224,1
325,9,1
325,79,1
325,97,1
325,502,1
325,513,1
325,361,1
329,325,1
329,271,1
329,285,1
329,79,1
379,25,1
379,214,1
379,249,1
379,501,1
379,465,1
392,339,1
392,285,1
392,47,1
392,120,1
392,438,1
392,360,1
392,202,1
392,313,1
392,496,1